905302,7/4/25,20:11:1,235.06,53,1000.44,34.20,22.40,35.30,7,36.9898683,-122.0525483,1.14,171.7,0.036,9999,25.36,32.86,26.25,32.28,83271,28.60,83307,27.88
905302,7/4/25,20:11:1,235.58,53,1000.40,34.20,22.50,35.29,7,36.9898683,-122.0525483,1.14,171.7,0.036,9999,25.36,32.86,26.25,32.28,83271,28.39,83307,27.87
905302,7/4/25,20:11:2,236.09,53,1000.40,34.21,22.50,35.30,7,36.9898685,-122.0525478,1.14,171.8,0.028,9999,25.44,32.86,26.52,32.25,83271,28.52,83307,27.99
905302,7/4/25,20:11:2,236.61,53,1000.40,34.22,22.50,35.30,7,36.9898685,-122.0525478,1.14,171.8,0.028,9999,25.69,32.86,26.68,32.25,83271,28.66,83307,28.10
905302,7/4/25,20:11:3,237.12,53,1000.40,34.22,22.40,35.31,7,36.9898688,-122.0525468,1.14,171.7,0.023,9999,25.44,32.82,26.42,32.24,83271,28.66,83307,28.10
905302,7/4/25,20:11:3,237.64,53,1000.31,34.22,22.40,35.32,7,36.9898688,-122.0525468,1.14,171.7,0.023,9999,25.34,32.76,26.31,32.19,83271,28.34,83307,27.93
905302,7/4/25,20:11:4,238.16,53,1000.41,34.23,22.40,35.32,7,36.9898687,-122.0525460,1.14,171.6,0.028,9999,25.69,32.71,26.68,32.15,83271,28.36,83307,27.88
905302,7/4/25,20:11:4,238.67,53,1000.32,34.23,22.40,35.33,7,36.9898687,-122.0525460,1.14,171.6,0.028,9999,25.77,32.71,26.76,32.12,83271,28.28,83307,27.51
905302,7/4/25,20:11:5,239.19,53,1000.39,34.23,22.40,35.33,8,36.9898692,-122.0525455,1.13,171.6,0.029,9999,25.77,32.71,26.76,32.12,83271,27.98,83307,27.05
905302,7/4/25,20:11:5,239.70,53,1000.41,34.24,22.40,35.33,8,36.9898692,-122.0525455,1.13,171.6,0.029,9999,25.63,32.71,26.64,32.10,83271,27.75,83307,26.56
905302,7/4/25,20:11:6,240.22,53,1000.37,34.25,22.40,35.34,8,36.9898692,-122.0525442,1.13,171.4,0.058,9999,25.84,32.65,26.96,32.06,83271,27.81,83307,26.81
905302,7/4/25,20:11:6,240.74,53,1000.36,34.25,22.40,35.34,8,36.9898692,-122.0525442,1.13,171.4,0.058,9999,25.77,32.60,26.86,32.00,83271,27.86,83307,27.05
905302,7/4/25,20:11:7,241.25,53,1000.37,34.25,22.30,35.35,8,36.9898695,-122.0525435,1.13,171.2,0.054,9999,25.69,32.57,26.80,31.93,83271,27.71,83307,27.10
905302,7/4/25,20:11:7,241.77,53,1000.38,34.26,22.30,35.35,8,36.9898695,-122.0525435,1.13,171.2,0.054,9999,25.73,32.55,26.82,31.88,83271,27.76,83307,27.24
905302,7/4/25,20:11:8,242.28,53,1000.36,34.26,22.20,35.37,8,36.9898697,-122.0525428,1.13,171.1,0.043,9999,25.73,32.55,26.82,31.88,83271,27.81,83307,27.31
905302,7/4/25,20:11:8,242.80,53,1000.39,34.26,22.10,35.37,8,36.9898697,-122.0525428,1.13,171.1,0.043,9999,25.81,32.50,26.90,31.85,83271,27.97,83307,27.43
905302,7/4/25,20:11:9,243.32,53,1000.38,34.27,22.10,35.37,8,36.9898698,-122.0525432,1.13,170.9,0.044,9999,25.94,32.46,27.10,31.81,83271,28.00,83307,27.46
905302,7/4/25,20:11:9,243.83,53,1000.43,34.27,22.00,35.37,8,36.9898698,-122.0525432,1.13,170.9,0.044,9999,26.02,32.46,27.22,31.78,83271,28.00,83307,27.55
905302,7/4/25,20:11:10,244.35,53,1000.40,34.28,22.00,35.37,8,36.9898700,-122.0525425,1.13,170.7,0.035,9999,26.18,32.46,27.36,31.77,83271,27.98,83307,27.51
905302,7/4/25,20:11:11,244.86,53,1000.39,34.29,22.00,35.39,8,36.9898702,-122.0525413,1.13,170.5,0.040,9999,26.30,32.46,27.54,31.77,83271,27.98,83307,27.51
905302,7/4/25,20:11:11,245.38,53,1000.43,34.29,21.90,35.39,8,36.9898702,-122.0525413,1.13,170.5,0.040,9999,26.30,32.46,27.54,31.77,83271,28.00,83307,27.60
905302,7/4/25,20:11:12,245.90,53,1000.41,34.29,21.90,35.40,8,36.9898710,-122.0525402,1.13,170.4,0.062,9999,26.22,32.42,27.38,31.76,83271,27.72,83307,27.36
905302,7/4/25,20:11:12,246.41,53,1000.38,34.29,21.70,35.40,8,36.9898710,-122.0525402,1.13,170.4,0.062,9999,26.30,32.31,27.38,31.70,83271,27.62,83307,27.25
905302,7/4/25,20:11:13,246.93,53,1000.49,34.30,21.60,35.40,8,36.9898713,-122.0525397,1.13,170.4,0.002,9999,26.46,32.22,27.46,31.66,83271,27.51,83307,27.29
905302,7/4/25,20:11:13,247.45,53,1000.78,34.31,21.50,35.40,8,36.9898713,-122.0525397,1.13,170.4,0.002,9999,26.66,32.11,27.58,31.59,83271,27.35,83307,27.16
905302,7/4/25,20:11:14,247.96,53,1000.42,34.30,21.00,35.40,8,36.9898722,-122.0525365,1.13,170.7,0.381,9999,26.82,31.96,27.64,31.49,83271,27.21,83307,26.86
905302,7/4/25,20:11:14,248.48,53,1000.26,34.31,20.70,35.40,8,36.9898722,-122.0525365,1.13,170.7,0.381,9999,26.82,31.96,27.64,31.49,83271,26.89,83307,26.68
905302,7/4/25,20:11:15,248.99,53,1000.17,34.31,20.50,35.42,8,36.9898742,-122.0525370,1.13,170.9,0.276,9999,26.91,31.81,27.66,31.40,83271,26.62,83307,26.56
905302,7/4/25,20:11:15,249.51,53,1000.06,34.32,20.40,35.40,8,36.9898742,-122.0525370,1.13,170.9,0.276,9999,26.93,31.70,27.64,31.30,83271,26.70,83307,26.62
905302,7/4/25,20:11:16,250.03,53,1000.07,34.32,20.20,35.43,8,36.9898753,-122.0525383,1.13,171.3,0.191,9999,27.04,31.64,27.78,31.23,83271,26.86,83307,26.79
905302,7/4/25,20:11:16,250.54,53,999.96,34.32,20.00,35.41,8,36.9898753,-122.0525383,1.13,171.3,0.191,9999,27.15,31.54,27.86,31.18,83271,26.90,83307,26.74
905302,7/4/25,20:11:17,251.06,53,999.92,34.32,19.90,35.41,8,36.9898762,-122.0525397,1.13,172.0,0.072,9999,27.23,31.44,27.88,31.12,83271,26.90,83307,26.74
905302,7/4/25,20:11:17,251.57,53,999.91,34.33,19.70,35.41,8,36.9898762,-122.0525397,1.13,172.0,0.072,9999,27.23,31.44,27.88,31.12,83271,26.86,83307,26.75
905302,7/4/25,20:11:18,252.09,53,999.83,34.33,19.60,35.42,8,36.9898767,-122.0525398,1.13,173.1,0.120,9999,27.27,31.39,27.86,31.08,83271,26.21,83307,26.63
905302,7/4/25,20:11:18,252.61,53,999.73,34.33,19.50,35.42,8,36.9898767,-122.0525398,1.13,173.1,0.120,9999,27.27,31.28,27.84,31.02,83271,25.77,83307,26.62
905302,7/4/25,20:11:19,253.12,53,999.73,34.34,19.30,35.43,8,36.9898767,-122.0525398,1.13,174.5,0.149,9999,27.33,31.21,27.90,30.95,83271,25.23,83307,26.32
905302,7/4/25,20:11:19,253.64,53,999.63,34.34,19.00,35.43,8,36.9898767,-122.0525398,1.13,174.5,0.149,9999,27.45,31.06,28.04,30.83,83271,24.90,83307,25.96
905302,7/4/25,20:11:20,254.15,53,999.66,34.33,18.80,35.43,8,36.9898760,-122.0525398,1.13,174.8,0.139,9999,27.63,30.95,28.24,30.72,83271,24.83,83307,25.52
905302,7/4/25,20:11:20,254.67,53,999.64,34.34,18.70,35.42,8,36.9898760,-122.0525398,1.13,174.8,0.139,9999,27.85,30.79,28.43,30.60,83271,24.56,83307,25.51
905302,7/4/25,20:11:21,255.19,53,999.64,34.35,18.50,35.42,8,36.9898768,-122.0525390,1.13,174.5,0.065,9999,27.85,30.79,28.43,30.60,83271,24.52,83307,25.47
905302,7/4/25,20:11:21,255.70,53,999.60,34.34,18.30,35.42,8,36.9898768,-122.0525390,1.13,174.5,0.065,9999,28.05,30.69,28.60,30.49,83271,24.54,83307,25.40
905302,7/4/25,20:11:22,256.22,53,999.62,34.34,18.20,35.43,8,36.9898740,-122.0525358,1.13,175.2,0.416,9999,28.27,30.56,28.75,30.38,83271,24.58,83307,25.36
905302,7/4/25,20:11:22,256.73,53,999.64,34.34,18.00,35.43,8,36.9898740,-122.0525358,1.13,175.2,0.416,9999,28.58,30.37,28.93,30.28,83271,24.66,83307,25.35
905302,7/4/25,20:11:23,257.25,53,999.60,34.34,17.90,35.43,8,36.9898723,-122.0525355,1.13,175.5,0.274,9999,28.84,30.25,29.15,30.17,83271,24.62,83307,25.31
905302,7/4/25,20:11:23,257.77,53,999.58,34.35,17.70,35.42,8,36.9898723,-122.0525355,1.13,175.5,0.274,9999,29.07,30.13,29.35,30.06,83271,24.58,83307,25.30
905302,7/4/25,20:11:24,258.28,53,999.56,34.35,17.50,35.41,8,36.9898717,-122.0525348,1.13,175.8,0.234,9999,29.07,30.13,29.35,30.06,83271,24.58,83307,25.30
905302,7/4/25,20:11:24,258.80,53,999.57,34.35,17.40,35.42,8,36.9898717,-122.0525348,1.13,175.8,0.234,9999,29.33,29.99,29.60,29.95,83271,24.56,83307,25.23
905302,7/4/25,20:11:25,259.31,53,999.56,34.34,17.20,35.43,8,36.9898707,-122.0525337,1.13,176.4,0.227,9999,29.54,29.87,29.79,29.85,83271,24.55,83307,25.00
905302,7/4/25,20:11:25,259.83,53,999.59,34.35,17.10,35.43,8,36.9898707,-122.0525337,1.13,176.4,0.227,9999,29.66,29.76,29.89,29.78,83271,24.55,83307,24.93
905302,7/4/25,20:11:26,260.35,53,999.63,34.35,17.00,35.42,8,36.9898702,-122.0525322,1.13,176.7,0.264,9999,29.89,29.62,30.01,29.69,83271,24.34,83307,24.88
905302,7/4/25,20:11:27,260.86,53,999.61,34.35,17.00,35.43,8,36.9898680,-122.0525310,1.13,177.5,0.207,9999,30.11,29.49,30.18,29.59,83271,24.39,83307,24.88
905302,7/4/25,20:11:27,261.38,53,999.65,34.35,17.00,35.43,8,36.9898680,-122.0525310,1.13,177.5,0.207,9999,30.11,29.49,30.18,29.59,83271,24.21,83307,24.42
905302,7/4/25,20:11:28,261.89,53,999.57,34.35,16.90,35.42,8,36.9898662,-122.0525292,1.13,178.4,0.165,9999,30.37,29.34,30.38,29.47,83271,24.22,83307,24.40
905302,7/4/25,20:11:28,262.41,53,999.55,34.35,16.90,35.42,8,36.9898662,-122.0525292,1.13,178.4,0.165,9999,30.59,29.23,30.60,29.36,83271,24.21,83307,24.07
905302,7/4/25,20:11:29,262.93,53,999.59,34.34,16.80,35.41,8,36.9898650,-122.0525287,1.14,178.9,0.226,9999,30.89,29.08,30.87,29.25,83271,24.11,83307,24.14
905302,7/4/25,20:11:29,263.44,53,999.57,34.34,16.80,35.42,8,36.9898650,-122.0525287,1.14,178.9,0.226,9999,31.13,28.99,31.09,29.14,83271,24.25,83307,24.16
905302,7/4/25,20:11:30,263.96,53,999.53,34.34,16.70,35.42,8,36.9898643,-122.0525292,1.14,179.3,0.164,9999,31.23,28.92,31.21,29.03,83271,24.27,83307,24.20
905302,7/4/25,20:11:30,264.47,53,999.55,34.34,16.70,35.41,8,36.9898643,-122.0525292,1.14,179.3,0.164,9999,31.23,28.92,31.21,29.03,83271,24.43,83307,24.49
905302,7/4/25,20:11:31,264.99,53,999.54,34.34,16.70,35.42,8,36.9898640,-122.0525268,1.14,180.3,0.254,9999,31.30,28.86,31.28,28.99,83271,24.43,83307,24.49
905302,7/4/25,20:11:31,265.51,53,999.52,34.33,16.70,35.40,8,36.9898640,-122.0525268,1.14,180.3,0.254,9999,31.35,28.84,31.31,28.98,83271,24.63,83307,24.74
905302,7/4/25,20:11:32,266.02,53,999.44,34.33,16.70,35.39,8,36.9898628,-122.0525243,1.14,181.6,0.270,9999,31.38,28.81,31.33,28.92,83271,24.63,83307,24.79
905302,7/4/25,20:11:32,266.54,53,999.44,34.33,16.70,35.39,8,36.9898628,-122.0525243,1.14,181.6,0.270,9999,31.50,28.74,31.41,28.89,83271,24.50,83307,24.64
905302,7/4/25,20:11:33,267.05,53,999.37,34.32,16.70,35.39,8,36.9898637,-122.0525228,1.14,182.7,0.141,9999,31.52,28.70,31.43,28.87,83271,24.39,83307,24.49
905302,7/4/25,20:11:33,267.57,53,999.26,34.31,16.70,35.37,8,36.9898637,-122.0525228,1.14,182.7,0.141,9999,31.52,28.70,31.43,28.87,83271,24.30,83307,24.31
905302,7/4/25,20:11:34,268.09,53,999.25,34.32,16.60,35.37,8,36.9898620,-122.0525205,1.14,183.8,0.423,9999,31.64,28.69,31.53,28.83,83271,24.30,83307,24.37
905302,7/4/25,20:11:34,268.60,53,999.20,34.31,16.60,35.39,8,36.9898620,-122.0525205,1.14,183.8,0.423,9999,31.74,28.62,31.58,28.76,83271,24.25,83307,24.37
905302,7/4/25,20:11:35,269.12,53,999.10,34.31,16.60,35.36,8,36.9898605,-122.0525193,1.14,184.9,0.344,9999,31.84,28.52,31.70,28.72,83271,24.14,83307,24.39
905302,7/4/25,20:11:35,269.63,53,999.07,34.30,16.60,35.36,8,36.9898605,-122.0525193,1.14,184.9,0.344,9999,31.91,28.47,31.75,28.65,83271,23.89,83307,24.35
905302,7/4/25,20:11:36,270.15,53,999.02,34.30,16.60,35.36,8,36.9898603,-122.0525202,1.14,185.7,0.242,9999,32.06,28.39,31.92,28.58,83271,23.79,83307,24.24
905302,7/4/25,20:11:36,270.67,53,998.94,34.29,16.60,35.35,8,36.9898603,-122.0525202,1.14,185.7,0.242,9999,32.21,28.36,32.06,28.54,83271,23.81,83307,24.31
905302,7/4/25,20:11:37,271.18,53,998.88,34.28,16.70,35.34,8,36.9898595,-122.0525210,1.14,187.0,0.192,9999,32.21,28.36,32.06,28.54,83271,23.85,83307,24.19
905302,7/4/25,20:11:37,271.70,53,998.84,34.28,16.70,35.34,8,36.9898595,-122.0525210,1.14,187.0,0.192,9999,32.30,28.35,32.11,28.49,83271,23.79,83307,24.33
905302,7/4/25,20:11:38,272.21,53,998.81,34.28,16.70,35.33,8,36.9898598,-122.0525207,1.14,188.0,0.102,9999,32.35,28.32,32.16,28.49,83271,23.79,83307,24.33
905302,7/4/25,20:11:38,272.73,53,998.71,34.27,16.80,35.33,8,36.9898598,-122.0525207,1.14,188.0,0.102,9999,32.28,28.35,32.09,28.45,83271,23.99,83307,24.38
905302,7/4/25,20:11:39,273.25,53,998.63,34.26,16.80,35.32,8,36.9898610,-122.0525220,1.14,188.8,0.046,9999,32.16,28.39,32.06,28.47,83271,24.02,83307,24.33
905302,7/4/25,20:11:39,273.76,53,998.57,34.25,16.90,35.31,8,36.9898610,-122.0525220,1.14,188.8,0.046,9999,32.11,28.36,32.09,28.47,83271,24.07,83307,24.30
905302,7/4/25,20:11:40,274.28,53,998.52,34.25,16.90,35.30,8,36.9898598,-122.0525220,1.14,190.2,0.226,9999,32.11,28.36,32.09,28.47,83271,24.07,83307,24.26
905302,7/4/25,20:11:40,274.79,53,998.37,34.24,17.00,35.30,8,36.9898598,-122.0525220,1.14,190.2,0.226,9999,32.13,28.33,32.14,28.41,83271,24.11,83307,24.25
905302,7/4/25,20:11:41,275.31,53,998.38,34.24,17.00,35.28,8,36.9898615,-122.0525247,1.14,190.4,0.164,9999,32.23,28.29,32.24,28.36,83271,24.10,83307,24.29
905302,7/4/25,20:11:41,275.83,53,998.30,34.23,17.00,35.27,8,36.9898615,-122.0525247,1.14,190.4,0.164,9999,32.30,28.26,32.24,28.36,83271,24.10,83307,24.26
905302,7/4/25,20:11:42,276.34,53,998.26,34.22,17.00,35.27,8,36.9898612,-122.0525245,1.14,191.7,0.235,9999,32.30,28.26,32.26,28.34,83271,23.94,83307,24.33
905302,7/4/25,20:11:43,276.86,53,998.10,34.21,17.00,35.27,8,36.9898608,-122.0525240,1.14,193.2,0.157,9999,32.28,28.25,32.26,28.33,83271,23.69,83307,24.30
905302,7/4/25,20:11:43,277.37,53,998.08,34.21,17.00,35.26,8,36.9898608,-122.0525240,1.14,193.2,0.157,9999,32.28,28.25,32.26,28.33,83271,23.75,83307,24.26
905302,7/4/25,20:11:44,277.89,53,997.99,34.20,17.00,35.23,8,36.9898615,-122.0525250,1.14,194.0,0.081,9999,32.33,28.25,32.31,28.30,83271,23.83,83307,24.19
905302,7/4/25,20:11:44,278.41,53,997.94,34.19,17.00,35.25,8,36.9898615,-122.0525250,1.14,194.0,0.081,9999,32.35,28.18,32.41,28.27,83271,23.87,83307,24.19
905302,7/4/25,20:11:45,278.92,53,997.77,34.18,17.00,35.22,8,36.9898597,-122.0525242,1.14,196.0,0.159,9999,32.35,28.16,32.44,28.25,83271,23.87,83307,24.16
905302,7/4/25,20:11:45,279.44,53,997.75,34.17,17.00,35.22,8,36.9898597,-122.0525242,1.14,196.0,0.159,9999,32.40,28.10,32.53,28.18,83271,23.94,83307,24.20
905302,7/4/25,20:11:46,279.95,53,997.60,34.16,17.00,35.21,8,36.9898598,-122.0525245,1.14,197.0,0.145,9999,32.55,28.06,32.58,28.15,83271,23.95,83307,24.25
905302,7/4/25,20:11:46,280.47,53,997.56,34.15,17.00,35.21,8,36.9898598,-122.0525245,1.14,197.0,0.145,9999,32.55,28.06,32.58,28.15,83271,23.79,83307,24.19
905302,7/4/25,20:11:47,280.99,53,997.47,34.14,17.00,35.21,8,36.9898583,-122.0525225,1.14,198.7,0.382,9999,32.65,28.02,32.66,28.14,83271,23.37,83307,24.18
905302,7/4/25,20:11:47,281.50,53,997.42,34.14,17.00,35.20,8,36.9898583,-122.0525225,1.14,198.7,0.382,9999,32.80,27.99,32.80,28.09,83271,23.28,83307,24.03
905302,7/4/25,20:11:48,282.02,53,997.31,34.13,17.00,35.19,8,36.9898557,-122.0525197,1.14,200.8,0.300,9999,32.82,28.01,32.88,28.07,83271,23.17,83307,24.00
905302,7/4/25,20:11:48,282.53,53,997.24,34.12,17.00,35.18,8,36.9898557,-122.0525197,1.14,200.8,0.300,9999,32.87,28.01,32.93,28.07,83271,23.21,83307,24.04
905302,7/4/25,20:11:49,283.05,53,997.21,34.11,17.00,35.16,8,36.9898533,-122.0525192,1.14,202.5,0.225,9999,32.85,27.99,32.95,28.04,83271,23.34,83307,24.08
905302,7/4/25,20:11:49,283.57,53,997.07,34.10,17.00,35.16,8,36.9898533,-122.0525192,1.14,202.5,0.225,9999,32.85,27.99,32.95,28.04,83271,23.30,83307,24.07
905302,7/4/25,20:11:50,284.08,53,996.97,34.10,17.00,35.15,8,36.9898508,-122.0525178,1.14,204.9,0.301,9999,32.85,27.99,32.97,28.02,83271,23.24,83307,23.93
905302,7/4/25,20:11:50,284.60,53,996.86,34.08,17.10,35.14,8,36.9898508,-122.0525178,1.14,204.9,0.301,9999,32.94,27.95,33.07,28.01,83271,23.41,83307,23.86
905302,7/4/25,20:11:51,285.11,53,996.73,34.07,17.10,35.13,8,36.9898493,-122.0525167,1.14,206.6,0.200,9999,33.04,27.90,33.19,27.96,83271,23.41,83307,23.86
905302,7/4/25,20:11:51,285.63,53,996.63,34.07,17.10,35.13,8,36.9898493,-122.0525167,1.14,206.6,0.200,9999,33.26,27.81,33.36,27.89,83271,23.38,83307,23.79
905302,7/4/25,20:11:52,286.15,53,996.51,34.05,17.10,35.10,8,36.9898468,-122.0525098,1.14,208.2,0.792,116,33.38,27.77,33.59,27.80,83271,23.41,83307,23.69
905302,7/4/25,20:11:52,286.66,53,996.39,34.04,17.20,35.10,8,36.9898468,-122.0525098,1.14,208.2,0.792,116,33.53,27.72,33.74,27.75,83271,23.38,83307,23.72
905302,7/4/25,20:11:53,287.18,53,996.34,34.04,17.20,35.10,8,36.9898445,-122.0525052,1.14,210.2,0.412,9999,33.53,27.72,33.74,27.75,83271,23.38,83307,23.64
905302,7/4/25,20:11:53,287.69,53,996.13,34.03,17.20,35.06,8,36.9898445,-122.0525052,1.14,210.2,0.412,9999,33.58,27.67,33.81,27.71,83271,22.95,83307,23.31
905302,7/4/25,20:11:54,288.21,53,996.11,34.02,17.20,35.07,8,36.9898425,-122.0525033,1.14,212.5,0.313,9999,33.73,27.64,33.93,27.66,83271,22.89,83307,23.33
905302,7/4/25,20:11:54,288.73,53,995.99,34.01,17.30,35.06,8,36.9898425,-122.0525033,1.14,212.5,0.313,9999,33.83,27.56,34.05,27.56,83271,22.85,83307,23.26
905302,7/4/25,20:11:55,289.24,53,995.89,34.00,17.30,35.05,8,36.9898413,-122.0525023,1.14,214.4,0.246,9999,33.95,27.50,34.18,27.53,83271,22.99,83307,23.31
905302,7/4/25,20:11:55,289.76,53,995.70,33.98,17.30,35.04,8,36.9898413,-122.0525023,1.14,214.4,0.246,9999,33.98,27.46,34.26,27.50,83271,22.87,83307,23.23
905302,7/4/25,20:11:56,290.27,53,995.60,33.97,17.30,35.02,8,36.9898398,-122.0525005,1.14,216.8,0.247,9999,33.98,27.46,34.26,27.50,83271,22.76,83307,23.17
905302,7/4/25,20:11:56,290.79,53,995.52,33.96,17.30,35.02,8,36.9898398,-122.0525005,1.14,216.8,0.247,9999,34.05,27.42,34.28,27.45,83271,22.67,83307,23.14
905302,7/4/25,20:11:57,291.31,53,995.40,33.95,17.30,35.01,8,36.9898392,-122.0524997,1.14,219.3,0.271,9999,34.17,27.34,34.38,27.39,83271,22.70,83307,23.20
905302,7/4/25,20:11:57,291.82,53,995.20,33.94,17.30,34.98,8,36.9898392,-122.0524997,1.14,219.3,0.271,9999,34.24,27.31,34.43,27.35,83271,22.85,83307,23.23
905302,7/4/25,20:11:58,292.34,53,995.21,33.93,17.30,34.99,8,36.9898370,-122.0524960,1.14,221.5,0.435,9999,34.29,27.26,34.48,27.30,83271,22.85,83307,23.17
905302,7/4/25,20:11:59,292.85,53,995.06,33.92,17.30,34.98,8,36.9898333,-122.0524868,1.14,223.4,0.835,118,34.39,27.25,34.60,27.26,83271,22.85,83307,23.17
905302,7/4/25,20:11:59,293.37,53,994.96,33.91,17.30,34.95,8,36.9898333,-122.0524868,1.14,223.4,0.835,118,34.39,27.25,34.60,27.26,83271,23.00,83307,23.23
905302,7/4/25,20:12:0,293.89,53,994.82,33.90,17.30,34.95,8,36.9898315,-122.0524822,1.14,225.4,0.555,9999,34.47,27.19,34.65,27.23,83271,23.00,83307,23.22
905302,7/4/25,20:12:0,294.40,53,994.73,33.89,17.40,34.92,8,36.9898315,-122.0524822,1.14,225.4,0.555,9999,34.54,27.16,34.74,27.19,83271,23.16,83307,23.30
905302,7/4/25,20:12:1,294.92,53,994.61,33.88,17.40,34.90,8,36.9898308,-122.0524807,1.14,227.5,0.346,9999,34.62,27.14,34.79,27.17,83271,23.16,83307,23.24
905302,7/4/25,20:12:1,295.43,53,994.55,33.87,17.30,34.90,8,36.9898308,-122.0524807,1.14,227.5,0.346,9999,34.57,27.14,34.79,27.14,83271,23.16,83307,23.23
905302,7/4/25,20:12:2,295.95,53,994.27,33.86,17.40,34.91,8,36.9898303,-122.0524793,1.14,229.6,0.314,9999,34.57,27.12,34.74,27.13,83271,23.17,83307,23.26
905302,7/4/25,20:12:2,296.47,53,994.21,33.85,17.40,34.89,8,36.9898303,-122.0524793,1.14,229.6,0.314,9999,34.57,27.12,34.74,27.13,83271,23.07,83307,23.17
905302,7/4/25,20:12:3,296.98,53,994.06,33.83,17.50,34.87,8,36.9898300,-122.0524798,1.14,232.1,0.124,9999,34.49,27.12,34.70,27.12,83271,22.94,83307,23.09
905302,7/4/25,20:12:3,297.50,53,993.92,33.82,17.50,34.87,8,36.9898300,-122.0524798,1.14,232.1,0.124,9999,34.49,27.11,34.77,27.08,83271,22.90,83307,23.05
905302,7/4/25,20:12:4,298.01,53,993.78,33.81,17.50,34.84,8,36.9898303,-122.0524803,1.14,234.4,0.101,9999,34.57,27.11,34.84,27.06,83271,22.76,83307,22.97
905302,7/4/25,20:12:4,298.53,53,993.66,33.80,17.50,34.84,8,36.9898303,-122.0524803,1.14,234.4,0.101,9999,34.67,27.10,34.99,27.05,83271,22.80,83307,22.97
905302,7/4/25,20:12:5,299.05,53,993.51,33.79,17.50,34.84,8,36.9898305,-122.0524820,1.14,237.1,0.091,9999,34.79,27.08,35.12,27.01,83271,22.80,83307,22.97
905302,7/4/25,20:12:5,299.56,53,993.34,33.78,17.60,34.83,8,36.9898305,-122.0524820,1.14,237.1,0.091,9999,34.79,27.08,35.12,27.01,83271,22.84,83307,22.96
905302,7/4/25,20:12:6,300.08,53,993.19,33.76,17.60,34.80,8,36.9898323,-122.0524852,1.14,239.0,0.080,9999,34.88,27.07,35.26,26.98,83271,22.86,83307,23.04
905302,7/4/25,20:12:6,300.60,53,993.08,33.76,17.60,34.81,8,36.9898323,-122.0524852,1.14,239.0,0.080,9999,34.91,27.07,35.29,26.98,83271,22.88,83307,22.95
905302,7/4/25,20:12:7,301.11,53,992.89,33.75,17.60,34.78,8,36.9898322,-122.0524868,1.14,241.6,0.123,9999,34.91,27.04,35.29,26.95,83271,22.73,83307,22.86
905302,7/4/25,20:12:7,301.63,53,992.75,33.73,17.70,34.77,8,36.9898322,-122.0524868,1.14,241.6,0.123,9999,34.93,27.01,35.31,26.92,83271,22.73,83307,22.91
905302,7/4/25,20:12:8,302.14,53,992.68,33.73,17.70,34.76,8,36.9898317,-122.0524877,1.14,244.3,0.131,9999,35.01,26.99,35.36,26.91,83271,22.71,83307,22.83
905302,7/4/25,20:12:8,302.66,53,992.47,33.71,17.70,34.76,8,36.9898317,-122.0524877,1.14,244.3,0.131,9999,35.15,26.93,35.46,26.90,83271,22.75,83307,22.88
905302,7/4/25,20:12:9,303.18,53,992.31,33.70,17.80,34.74,8,36.9898322,-122.0524883,1.14,246.8,0.060,9999,35.15,26.93,35.46,26.90,83271,22.78,83307,22.88
905302,7/4/25,20:12:9,303.69,53,992.14,33.69,17.80,34.74,8,36.9898322,-122.0524883,1.14,246.8,0.060,9999,35.23,26.93,35.51,26.87,83271,22.63,83307,22.84
905302,7/4/25,20:12:10,304.21,53,992.04,33.69,17.80,34.71,8,36.9898327,-122.0524883,1.14,249.1,0.174,9999,35.28,26.89,35.59,26.83,83271,22.49,83307,22.68
905302,7/4/25,20:12:10,304.72,53,991.91,33.67,17.80,34.72,8,36.9898327,-122.0524883,1.14,249.1,0.174,9999,35.31,26.88,35.64,26.80,83271,22.39,83307,22.61
905302,7/4/25,20:12:11,305.24,53,991.79,33.66,17.80,34.70,8,36.9898333,-122.0524893,1.14,251.0,0.153,9999,35.33,26.85,35.68,26.77,83271,22.35,83307,22.65
905302,7/4/25,20:12:11,305.76,53,991.62,33.65,17.90,34.69,8,36.9898333,-122.0524893,1.14,251.0,0.153,9999,35.31,26.82,35.68,26.76,83271,22.49,83307,22.69
905302,7/4/25,20:12:12,306.27,53,991.53,33.63,17.90,34.67,8,36.9898327,-122.0524893,1.14,253.5,0.217,9999,35.31,26.82,35.68,26.76,83271,22.49,83307,22.69
905302,7/4/25,20:12:12,306.79,53,991.35,33.62,17.90,34.66,8,36.9898327,-122.0524893,1.14,253.5,0.217,9999,35.35,26.80,35.71,26.72,83271,22.24,83307,22.46
905302,7/4/25,20:12:13,307.30,53,991.22,33.61,17.90,34.65,8,36.9898328,-122.0524895,1.14,255.4,0.136,9999,35.43,26.75,35.78,26.66,83271,22.16,83307,22.47
905302,7/4/25,20:12:13,307.82,53,991.08,33.60,18.00,34.63,8,36.9898328,-122.0524895,1.14,255.4,0.136,9999,35.53,26.70,35.96,26.62,83271,22.24,83307,22.52
905302,7/4/25,20:12:14,308.34,53,990.95,33.59,18.00,34.62,8,36.9898333,-122.0524893,1.14,257.6,0.136,9999,35.55,26.69,35.96,26.59,83271,22.38,83307,22.55
905302,7/4/25,20:12:15,308.85,53,990.74,33.58,18.00,34.61,8,36.9898348,-122.0524898,1.14,259.6,0.065,9999,35.55,26.65,35.98,26.54,83271,22.29,83307,22.56
905302,7/4/25,20:12:15,309.37,53,990.58,33.57,18.00,34.60,8,36.9898348,-122.0524898,1.14,259.6,0.065,9999,35.55,26.65,35.98,26.54,83271,22.30,83307,22.55
905302,7/4/25,20:12:16,309.88,53,990.48,33.56,18.00,34.59,8,36.9898355,-122.0524915,1.14,261.7,0.093,9999,35.60,26.60,36.01,26.51,83271,22.30,83307,22.50
905302,7/4/25,20:12:16,310.40,53,990.41,33.55,18.00,34.58,8,36.9898355,-122.0524915,1.14,261.7,0.093,9999,35.75,26.55,36.11,26.47,83271,22.12,83307,22.33
905302,7/4/25,20:12:17,310.92,53,990.24,33.53,18.10,34.56,8,36.9898363,-122.0524915,1.14,264.1,0.093,9999,35.85,26.52,36.23,26.43,83271,21.99,83307,22.19
905302,7/4/25,20:12:17,311.43,53,990.11,33.52,18.10,34.56,8,36.9898363,-122.0524915,1.14,264.1,0.093,9999,35.90,26.50,36.30,26.41,83271,21.96,83307,22.18
905302,7/4/25,20:12:18,311.95,53,989.98,33.51,18.10,34.55,8,36.9898373,-122.0524920,1.14,266.1,0.065,9999,36.02,26.43,36.38,26.37,83271,21.79,83307,22.09
905302,7/4/25,20:12:18,312.46,53,989.84,33.50,18.10,34.53,8,36.9898373,-122.0524920,1.14,266.1,0.065,9999,36.02,26.43,36.38,26.37,83271,21.73,83307,22.02
905302,7/4/25,20:12:19,312.98,53,989.63,33.49,18.20,34.53,8,36.9898375,-122.0524923,1.14,268.2,0.120,9999,36.14,26.37,36.53,26.32,83271,21.73,83307,22.02
905302,7/4/25,20:12:19,313.50,53,989.56,33.48,18.20,34.52,8,36.9898375,-122.0524923,1.14,268.2,0.120,9999,36.34,26.27,36.65,26.24,83271,21.57,83307,21.86
905302,7/4/25,20:12:20,314.01,53,989.41,33.47,18.20,34.49,8,36.9898373,-122.0524925,1.14,270.7,0.145,9999,36.39,26.24,36.72,26.20,83271,21.79,83307,22.01
905302,7/4/25,20:12:20,314.53,53,989.35,33.46,18.20,34.48,8,36.9898373,-122.0524925,1.14,270.7,0.145,9999,36.39,26.27,36.72,26.21,83271,21.99,83307,22.11
905302,7/4/25,20:12:21,315.04,53,989.29,33.45,18.20,34.48,8,36.9898387,-122.0524928,1.14,271.3,0.472,9999,36.34,26.24,36.67,26.18,83271,22.03,83307,22.16
905302,7/4/25,20:12:21,315.56,53,989.28,33.44,18.20,34.46,8,36.9898387,-122.0524928,1.14,271.3,0.472,9999,36.34,26.24,36.67,26.18,83271,21.93,83307,22.16
905302,7/4/25,20:12:22,316.08,53,989.22,33.42,18.20,34.46,8,36.9898410,-122.0524937,1.14,271.1,0.490,9999,36.39,26.19,36.70,26.15,83271,21.92,83307,22.21
905302,7/4/25,20:12:22,316.59,53,989.26,33.42,18.20,34.45,8,36.9898410,-122.0524937,1.14,271.1,0.490,9999,36.47,26.18,36.80,26.13,83271,21.83,83307,22.23
905302,7/4/25,20:12:23,317.11,53,989.26,33.40,18.20,34.43,8,36.9898418,-122.0524952,1.14,270.5,0.397,9999,36.47,26.18,36.82,26.10,83271,21.95,83307,22.32
905302,7/4/25,20:12:23,317.62,53,989.24,33.39,18.20,34.43,8,36.9898418,-122.0524952,1.14,270.5,0.397,9999,36.54,26.15,36.95,26.09,83271,21.85,83307,22.18
905302,7/4/25,20:12:24,318.14,53,989.28,33.39,18.20,34.40,8,36.9898412,-122.0524953,1.14,270.5,0.448,9999,36.59,26.15,37.00,26.04,83271,21.91,83307,22.08
905302,7/4/25,20:12:24,318.66,53,989.24,33.37,18.20,34.41,8,36.9898412,-122.0524953,1.14,270.5,0.448,9999,36.54,26.13,37.07,26.03,83271,21.71,83307,22.14
905302,7/4/25,20:12:25,319.17,53,989.27,33.36,18.20,34.39,8,36.9898400,-122.0524952,1.14,270.8,0.401,9999,36.54,26.13,37.07,26.03,83271,21.76,83307,22.13
905302,7/4/25,20:12:25,319.69,53,989.31,33.35,18.20,34.38,8,36.9898400,-122.0524952,1.14,270.8,0.401,9999,36.56,26.13,37.09,25.98,83271,21.98,83307,22.13
905302,7/4/25,20:12:26,320.20,53,989.26,33.35,18.20,34.38,8,36.9898392,-122.0524943,1.14,270.9,0.379,9999,36.59,26.13,37.17,25.95,83271,21.98,83307,22.27
905302,7/4/25,20:12:26,320.72,53,989.25,33.33,18.20,34.36,8,36.9898392,-122.0524943,1.14,270.9,0.379,9999,36.64,26.12,37.24,25.94,83271,22.06,83307,22.20
905302,7/4/25,20:12:27,321.24,53,989.34,33.32,18.20,34.36,8,36.9898395,-122.0524943,1.14,270.9,0.329,9999,36.64,26.09,37.22,25.94,83271,22.09,83307,22.22
905302,7/4/25,20:12:27,321.75,53,989.36,33.31,18.10,34.34,8,36.9898395,-122.0524943,1.14,270.9,0.329,9999,36.54,26.12,37.14,25.92,83271,22.10,83307,22.23
905302,7/4/25,20:12:28,322.27,53,989.36,33.30,18.10,34.32,8,36.9898397,-122.0524957,1.14,270.4,0.144,9999,36.54,26.12,37.14,25.92,83271,22.16,83307,22.27
905302,7/4/25,20:12:28,322.78,53,989.39,33.29,18.10,34.31,8,36.9898397,-122.0524957,1.14,270.4,0.144,9999,36.44,26.12,37.07,25.94,83271,22.30,83307,22.37
905302,7/4/25,20:12:29,323.30,53,989.39,33.28,18.10,34.31,8,36.9898400,-122.0524972,1.14,270.1,0.128,9999,36.39,26.15,37.02,25.94,83271,22.39,83307,22.35
905302,7/4/25,20:12:29,323.82,53,989.46,33.27,18.10,34.30,8,36.9898400,-122.0524972,1.14,270.1,0.128,9999,36.31,26.18,37.00,25.94,83271,22.39,83307,22.36
905302,7/4/25,20:12:30,324.33,53,989.54,33.26,18.20,34.29,8,36.9898400,-122.0524993,1.14,269.4,0.153,9999,36.26,26.18,36.95,25.95,83271,22.40,83307,22.43
905302,7/4/25,20:12:31,324.85,53,989.54,33.24,18.20,34.29,8,36.9898415,-122.0525020,1.14,268.7,0.110,9999,36.24,26.19,36.90,25.95,83271,22.38,83307,22.46
905302,7/4/25,20:12:31,325.36,53,989.57,33.23,18.20,34.27,8,36.9898415,-122.0525020,1.14,268.7,0.110,9999,36.24,26.19,36.90,25.95,83271,22.43,83307,22.40
905302,7/4/25,20:12:32,325.88,53,989.56,33.23,18.30,34.27,8,36.9898413,-122.0525028,1.14,268.2,0.192,9999,36.24,26.19,36.92,25.95,83271,22.44,83307,22.41
905302,7/4/25,20:12:32,326.40,53,989.59,33.22,18.30,34.24,8,36.9898413,-122.0525028,1.14,268.2,0.192,9999,36.26,26.19,36.97,25.95,83271,22.52,83307,22.44
905302,7/4/25,20:12:33,326.91,53,989.66,33.20,18.30,34.23,8,36.9898412,-122.0525032,1.14,267.7,0.216,9999,36.24,26.23,36.97,25.94,83271,22.47,83307,22.44
905302,7/4/25,20:12:33,327.43,53,989.67,33.19,18.30,34.22,8,36.9898412,-122.0525032,1.14,267.7,0.216,9999,36.22,26.20,36.97,25.95,83271,22.47,83307,22.33
905302,7/4/25,20:12:34,327.94,53,989.70,33.18,18.30,34.22,8,36.9898418,-122.0525043,1.14,267.1,0.121,9999,36.22,26.19,36.97,25.94,83271,22.42,83307,22.36
905302,7/4/25,20:12:34,328.46,53,989.72,33.17,18.40,34.21,8,36.9898418,-122.0525043,1.14,267.1,0.121,9999,36.22,26.19,36.97,25.94,83271,22.47,83307,22.36
905302,7/4/25,20:12:35,328.98,53,989.73,33.15,18.40,34.21,8,36.9898427,-122.0525048,1.14,266.4,0.191,9999,36.24,26.18,37.00,25.92,83271,22.44,83307,22.33
905302,7/4/25,20:12:35,329.49,53,989.78,33.15,18.40,34.17,8,36.9898427,-122.0525048,1.14,266.4,0.191,9999,36.24,26.19,37.00,25.92,83271,22.48,83307,22.36
905302,7/4/25,20:12:36,330.01,53,989.82,33.14,18.40,34.17,8,36.9898425,-122.0525040,1.14,265.7,0.278,9999,36.24,26.19,37.05,25.92,83271,22.52,83307,22.40
905302,7/4/25,20:12:36,330.52,53,989.89,33.12,18.40,34.16,8,36.9898425,-122.0525040,1.14,265.7,0.278,9999,36.26,26.20,37.09,25.91,83271,22.43,83307,22.40
905302,7/4/25,20:12:37,331.04,53,989.94,33.11,18.40,34.15,8,36.9898412,-122.0525028,1.14,264.8,0.380,9999,36.29,26.20,37.14,25.90,83271,22.26,83307,22.50
905302,7/4/25,20:12:37,331.56,53,989.99,33.11,18.50,34.14,8,36.9898412,-122.0525028,1.14,264.8,0.380,9999,36.29,26.20,37.14,25.90,83271,22.21,83307,22.50
905302,7/4/25,20:12:38,332.07,53,990.07,33.09,18.50,34.13,8,36.9898408,-122.0525027,1.14,263.7,0.137,9999,36.26,26.19,37.14,25.90,83271,22.16,83307,22.51
905302,7/4/25,20:12:38,332.59,53,990.12,33.08,18.50,34.13,8,36.9898408,-122.0525027,1.14,263.7,0.137,9999,36.24,26.18,37.12,25.88,83271,22.21,83307,22.49
905302,7/4/25,20:12:39,333.10,53,990.20,33.07,18.50,34.11,8,36.9898402,-122.0525037,1.14,262.6,0.140,9999,36.24,26.19,37.09,25.87,83271,22.24,83307,22.49
905302,7/4/25,20:12:39,333.62,53,990.32,33.07,18.60,34.10,8,36.9898402,-122.0525037,1.14,262.6,0.140,9999,36.24,26.19,37.14,25.85,83271,22.24,83307,22.41
905302,7/4/25,20:12:40,334.14,53,990.44,33.06,18.60,34.09,8,36.9898405,-122.0525058,1.14,261.1,0.114,9999,36.24,26.18,37.17,25.85,83271,22.24,83307,22.35
905302,7/4/25,20:12:40,334.65,53,990.50,33.04,18.60,34.09,8,36.9898405,-122.0525058,1.14,261.1,0.114,9999,36.37,26.13,37.27,25.83,83271,22.01,83307,22.15
905302,7/4/25,20:12:41,335.17,53,990.57,33.04,18.60,34.06,8,36.9898405,-122.0525062,1.14,259.8,0.224,9999,36.37,26.13,37.27,25.83,83271,21.59,83307,21.81
905302,7/4/25,20:12:41,335.68,53,990.70,33.02,18.60,34.07,8,36.9898405,-122.0525062,1.14,259.8,0.224,9999,36.54,26.08,37.44,25.79,83271,21.78,83307,21.96
905302,7/4/25,20:12:42,336.20,53,990.67,33.01,18.60,34.03,8,36.9898400,-122.0525057,1.14,258.5,0.222,9999,36.66,26.05,37.59,25.73,83271,21.85,83307,22.05
905302,7/4/25,20:12:42,336.72,53,990.80,33.00,18.60,34.03,8,36.9898400,-122.0525057,1.14,258.5,0.222,9999,36.76,26.03,37.64,25.73,83271,22.00,83307,22.03
905302,7/4/25,20:12:43,337.23,53,990.89,32.99,18.60,34.02,8,36.9898403,-122.0525058,1.14,257.0,0.136,9999,36.84,26.00,37.74,25.70,83271,21.90,83307,21.97
905302,7/4/25,20:12:43,337.75,53,991.04,32.98,18.60,34.01,8,36.9898403,-122.0525058,1.14,257.0,0.136,9999,36.89,26.00,37.79,25.67,83271,21.89,83307,21.96
905302,7/4/25,20:12:44,338.26,53,991.09,32.97,18.60,33.99,8,36.9898395,-122.0525053,1.14,255.8,0.190,9999,36.89,26.00,37.79,25.67,83271,22.10,83307,22.06
905302,7/4/25,20:12:44,338.78,53,991.20,32.96,18.60,33.99,8,36.9898395,-122.0525053,1.14,255.8,0.190,9999,36.86,26.01,37.81,25.69,83271,22.23,83307,22.17
905302,7/4/25,20:12:45,339.30,53,991.26,32.95,18.60,33.98,8,36.9898397,-122.0525057,1.14,254.4,0.081,9999,36.86,26.03,37.77,25.69,83271,22.06,83307,21.98
905302,7/4/25,20:12:45,339.81,53,991.34,32.94,18.60,33.96,8,36.9898397,-122.0525057,1.14,254.4,0.081,9999,36.81,25.97,37.74,25.69,83271,21.85,83307,21.87
905302,7/4/25,20:12:46,340.33,53,991.45,32.93,18.60,33.95,8,36.9898403,-122.0525070,1.14,252.8,0.071,9999,36.86,25.89,37.77,25.62,83271,21.60,83307,21.67
905302,7/4/25,20:12:47,340.84,53,991.49,32.92,18.60,33.95,8,36.9898413,-122.0525100,1.14,250.9,0.107,9999,37.01,25.86,37.86,25.59,83271,21.60,83307,21.67
905302,7/4/25,20:12:47,341.36,53,991.53,32.91,18.60,33.95,8,36.9898413,-122.0525100,1.14,250.9,0.107,9999,37.01,25.86,37.86,25.59,83271,21.59,83307,21.64
905302,7/4/25,20:12:48,341.88,53,991.65,32.90,18.60,33.93,8,36.9898408,-122.0525105,1.14,249.5,0.133,9999,37.11,25.78,37.94,25.54,83271,21.61,83307,21.64
905302,7/4/25,20:12:48,342.39,53,991.78,32.88,18.70,33.92,8,36.9898408,-122.0525105,1.14,249.5,0.133,9999,37.28,25.75,38.09,25.50,83271,21.76,83307,21.82
905302,7/4/25,20:12:49,342.91,53,991.79,32.87,18.70,33.89,8,36.9898392,-122.0525098,1.14,248.5,0.194,9999,37.45,25.71,38.19,25.47,83271,21.73,83307,21.75
905302,7/4/25,20:12:49,343.42,53,991.93,32.86,18.70,33.87,8,36.9898392,-122.0525098,1.14,248.5,0.194,9999,37.50,25.66,38.26,25.41,83271,21.58,83307,21.74
905302,7/4/25,20:12:50,343.94,53,992.05,32.85,18.70,33.87,8,36.9898388,-122.0525105,1.14,247.1,0.130,9999,37.70,25.62,38.41,25.38,83271,21.62,83307,21.66
905302,7/4/25,20:12:50,344.46,53,992.08,32.84,18.80,33.85,8,36.9898388,-122.0525105,1.14,247.1,0.130,9999,37.70,25.62,38.41,25.38,83271,21.45,83307,21.58
905302,7/4/25,20:12:51,344.97,53,992.15,32.82,18.80,33.84,8,36.9898383,-122.0525100,1.14,245.7,0.230,9999,37.78,25.53,38.49,25.34,83271,21.20,83307,21.32
905302,7/4/25,20:12:51,345.49,53,992.23,32.81,18.80,33.83,8,36.9898383,-122.0525100,1.14,245.7,0.230,9999,37.88,25.49,38.58,25.26,83271,21.11,83307,21.22
905302,7/4/25,20:12:52,346.00,53,992.37,32.80,18.80,33.81,8,36.9898393,-122.0525102,1.14,243.9,0.105,9999,37.95,25.45,38.71,25.22,83271,21.18,83307,21.26
905302,7/4/25,20:12:52,346.52,53,992.50,32.79,18.80,33.80,8,36.9898393,-122.0525102,1.14,243.9,0.105,9999,38.10,25.40,38.81,25.19,83271,21.47,83307,21.45
905302,7/4/25,20:12:53,347.04,53,992.57,32.77,18.90,33.79,8,36.9898385,-122.0525100,1.14,242.6,0.282,9999,38.14,25.43,38.81,25.19,83271,21.47,83307,21.45
905302,7/4/25,20:12:53,347.55,53,992.62,32.76,18.90,33.79,8,36.9898385,-122.0525100,1.14,242.6,0.282,9999,38.14,25.43,38.81,25.19,83271,21.76,83307,21.70
905302,7/4/25,20:12:54,348.07,53,992.75,32.75,18.90,33.77,8,36.9898388,-122.0525120,1.14,240.9,0.042,9999,38.10,25.44,38.79,25.21,83271,21.57,83307,21.50
905302,7/4/25,20:12:54,348.58,53,992.82,32.74,18.90,33.77,8,36.9898388,-122.0525120,1.14,240.9,0.042,9999,38.14,25.41,38.88,25.19,83271,21.64,83307,21.48
905302,7/4/25,20:12:55,349.10,53,992.92,32.73,19.00,33.74,8,36.9898397,-122.0525137,1.14,239.2,0.052,9999,38.19,25.37,38.91,25.16,83271,21.57,83307,21.34
905302,7/4/25,20:12:55,349.62,53,992.99,32.71,19.00,33.72,8,36.9898397,-122.0525137,1.14,239.2,0.052,9999,38.22,25.37,38.91,25.16,83271,21.58,83307,21.34
905302,7/4/25,20:12:56,350.13,53,993.02,32.70,19.00,33.72,8,36.9898392,-122.0525140,1.14,237.9,0.091,9999,38.19,25.40,38.91,25.16,83271,21.37,83307,21.28
905302,7/4/25,20:12:56,350.65,53,993.10,32.69,19.00,33.70,8,36.9898392,-122.0525140,1.14,237.9,0.091,9999,38.07,25.41,38.91,25.15,83271,21.52,83307,21.25
905302,7/4/25,20:12:57,351.16,53,993.20,32.67,19.10,33.68,8,36.9898393,-122.0525143,1.14,236.4,0.111,9999,38.07,25.41,38.91,25.15,83271,21.54,83307,21.22
905302,7/4/25,20:12:57,351.68,53,993.32,32.66,19.10,33.69,8,36.9898393,-122.0525143,1.14,236.4,0.111,9999,38.02,25.41,38.86,25.15,83271,21.43,83307,21.11
905302,7/4/25,20:12:58,352.20,53,993.38,32.66,19.10,33.67,8,36.9898402,-122.0525138,1.14,234.9,0.133,9999,38.02,25.38,38.79,25.12,83271,21.51,83307,21.29
905302,7/4/25,20:12:58,352.71,53,993.49,32.64,19.00,33.66,8,36.9898402,-122.0525138,1.14,234.9,0.133,9999,37.92,25.38,38.76,25.11,83271,21.61,83307,21.34
905302,7/4/25,20:12:59,353.23,53,993.56,32.63,19.00,33.65,8,36.9898402,-122.0525137,1.14,233.4,0.111,9999,37.92,25.36,38.73,25.11,83271,21.48,83307,21.19
905302,7/4/25,20:12:59,353.74,53,993.60,32.62,19.10,33.64,8,36.9898402,-122.0525137,1.14,233.4,0.111,9999,37.95,25.33,38.76,25.07,83271,21.40,83307,21.19
905302,7/4/25,20:13:0,354.26,53,993.68,32.60,19.10,33.63,8,36.9898415,-122.0525148,1.14,231.6,0.129,9999,37.95,25.33,38.76,25.07,83271,21.40,83307,21.10
905302,7/4/25,20:13:0,354.78,53,993.83,32.59,19.10,33.62,8,36.9898415,-122.0525148,1.14,231.6,0.129,9999,37.95,25.32,38.76,25.05,83271,21.58,83307,21.26
905302,7/4/25,20:13:1,355.29,53,993.88,32.58,19.10,33.59,8,36.9898417,-122.0525153,1.14,230.2,0.046,9999,38.00,25.29,38.79,25.04,83271,21.36,83307,21.04
905302,7/4/25,20:13:1,355.81,53,993.95,32.57,19.10,33.59,8,36.9898417,-122.0525153,1.14,230.2,0.046,9999,38.00,25.28,38.79,25.03,83271,21.43,83307,21.09
905302,7/4/25,20:13:2,356.32,53,994.08,32.56,19.10,33.58,8,36.9898418,-122.0525153,1.14,228.6,0.066,9999,38.00,25.29,38.81,25.01,83271,21.50,83307,21.28
905302,7/4/25,20:13:3,356.84,53,994.16,32.54,19.10,33.56,8,36.9898407,-122.0525155,1.14,227.5,0.085,9999,37.95,25.30,38.81,25.00,83271,21.46,83307,21.16
905302,7/4/25,20:13:3,357.36,53,994.23,32.54,19.10,33.55,8,36.9898407,-122.0525155,1.14,227.5,0.085,9999,37.95,25.30,38.81,25.00,83271,21.43,83307,21.09
905302,7/4/25,20:13:4,357.87,53,994.34,32.52,19.10,33.53,8,36.9898398,-122.0525160,1.14,226.1,0.090,9999,37.92,25.29,38.79,25.01,83271,21.63,83307,21.34
905302,7/4/25,20:13:4,358.39,53,994.35,32.51,19.10,33.54,8,36.9898398,-122.0525160,1.14,226.1,0.090,9999,37.95,25.25,38.81,25.00,83271,21.43,83307,21.11
905302,7/4/25,20:13:5,358.90,53,994.49,32.50,19.10,33.52,8,36.9898395,-122.0525157,1.14,224.5,0.140,9999,37.97,25.25,38.81,24.97,83271,21.46,83307,21.15
905302,7/4/25,20:13:5,359.42,53,994.58,32.49,19.10,33.51,8,36.9898395,-122.0525157,1.14,224.5,0.140,9999,38.07,25.19,38.88,24.97,83271,21.35,83307,21.10
905302,7/4/25,20:13:6,359.94,53,994.63,32.48,19.10,33.50,8,36.9898393,-122.0525155,1.14,223.2,0.099,9999,38.17,25.17,38.93,24.93,83271,21.50,83307,21.26
905302,7/4/25,20:13:6,360.45,53,994.74,32.47,19.10,33.49,8,36.9898393,-122.0525155,1.14,223.2,0.099,9999,38.17,25.17,38.93,24.93,83271,21.72,83307,21.42
905302,7/4/25,20:13:7,360.97,53,994.81,32.45,19.10,33.48,8,36.9898408,-122.0525160,1.14,221.8,0.049,9999,38.27,25.13,39.03,24.92,83271,21.98,83307,21.42
905302,7/4/25,20:13:7,361.48,53,994.88,32.44,19.00,33.47,8,36.9898408,-122.0525160,1.14,221.8,0.049,9999,38.42,25.13,39.13,24.92,83271,21.98,83307,21.64
905302,7/4/25,20:13:8,362.00,53,994.96,32.43,19.00,33.45,8,36.9898403,-122.0525163,1.14,220.8,0.105,9999,38.52,25.10,39.21,24.90,83271,22.10,83307,21.77
905302,7/4/25,20:13:8,362.52,53,994.95,32.42,19.00,33.44,8,36.9898403,-122.0525163,1.14,220.8,0.105,9999,38.60,25.08,39.26,24.89,83271,21.90,83307,21.41
905302,7/4/25,20:13:9,363.03,53,995.13,32.41,18.90,33.43,8,36.9898405,-122.0525158,1.14,219.1,0.202,9999,38.67,25.07,39.35,24.86,83271,21.43,83307,21.24
905302,7/4/25,20:13:9,363.55,53,995.19,32.40,18.90,33.42,8,36.9898405,-122.0525158,1.14,219.1,0.202,9999,38.67,25.07,39.35,24.86,83271,21.28,83307,21.21
905302,7/4/25,20:13:10,364.06,53,995.34,32.38,18.90,33.41,8,36.9898402,-122.0525142,1.14,217.5,0.318,9999,38.69,25.07,39.46,24.85,83271,21.22,83307,21.11
905302,7/4/25,20:13:10,364.58,53,995.39,32.37,18.80,33.39,8,36.9898402,-122.0525142,1.14,217.5,0.318,9999,38.77,25.04,39.55,24.81,83271,21.18,83307,21.02
905302,7/4/25,20:13:11,365.10,53,995.48,32.36,18.80,33.40,8,36.9898395,-122.0525145,1.14,216.5,0.093,9999,38.79,25.03,39.65,24.77,83271,21.05,83307,20.88
905302,7/4/25,20:13:11,365.61,53,995.58,32.36,18.80,33.37,8,36.9898395,-122.0525145,1.14,216.5,0.093,9999,38.82,25.02,39.68,24.74,83271,21.16,83307,21.01
905302,7/4/25,20:13:12,366.13,53,995.66,32.34,18.70,33.35,8,36.9898408,-122.0525163,1.14,214.9,0.420,9999,38.91,24.96,39.78,24.70,83271,21.27,83307,21.09
905302,7/4/25,20:13:12,366.64,53,995.67,32.33,18.70,33.36,8,36.9898408,-122.0525163,1.14,214.9,0.420,9999,39.09,24.89,39.90,24.66,83271,21.02,83307,20.93
905302,7/4/25,20:13:13,367.16,53,995.79,32.32,18.70,33.35,8,36.9898423,-122.0525170,1.14,213.0,0.184,9999,39.09,24.89,39.90,24.66,83271,20.91,83307,20.74
905302,7/4/25,20:13:13,367.68,53,995.82,32.31,18.70,33.33,8,36.9898423,-122.0525170,1.14,213.0,0.184,9999,39.21,24.83,40.03,24.62,83271,20.88,83307,20.66
905302,7/4/25,20:13:14,368.19,53,995.89,32.30,18.70,33.32,8,36.9898435,-122.0525183,1.14,211.0,0.197,9999,39.31,24.79,40.10,24.56,83271,20.88,83307,20.66
905302,7/4/25,20:13:14,368.71,53,996.01,32.29,18.60,33.33,8,36.9898435,-122.0525183,1.14,211.0,0.197,9999,39.41,24.75,40.18,24.52,83271,20.64,83307,20.50
905302,7/4/25,20:13:15,369.23,53,996.12,32.28,18.60,33.32,8,36.9898440,-122.0525187,1.14,209.7,0.027,9999,39.61,24.68,40.38,24.46,83271,21.05,83307,20.86
905302,7/4/25,20:13:15,369.74,53,996.20,32.26,18.60,33.29,8,36.9898440,-122.0525187,1.14,209.7,0.027,9999,39.79,24.61,40.55,24.39,83271,21.12,83307,21.09
905302,7/4/25,20:13:16,370.26,53,996.29,32.26,18.60,33.29,8,36.9898435,-122.0525183,1.14,208.5,0.108,9999,39.79,24.61,40.55,24.39,83271,21.41,83307,21.28
905302,7/4/25,20:13:16,370.77,53,996.35,32.24,18.60,33.27,8,36.9898435,-122.0525183,1.14,208.5,0.108,9999,39.86,24.58,40.65,24.37,83271,21.70,83307,21.44
905302,7/4/25,20:13:17,371.29,53,996.43,32.23,18.60,33.25,8,36.9898443,-122.0525190,1.14,206.9,0.102,9999,40.01,24.56,40.70,24.35,83271,21.83,83307,21.55
905302,7/4/25,20:13:17,371.81,53,996.60,32.22,18.60,33.25,8,36.9898443,-122.0525190,1.14,206.9,0.102,9999,40.06,24.53,40.75,24.35,83271,21.75,83307,21.53
905302,7/4/25,20:13:18,372.32,53,996.71,32.21,18.70,33.24,8,36.9898458,-122.0525200,1.14,205.3,0.027,9999,40.11,24.50,40.75,24.33,83271,21.58,83307,21.32
905302,7/4/25,20:13:19,372.84,53,996.74,32.20,18.70,33.23,8,36.9898445,-122.0525193,1.14,204.2,0.183,9999,40.18,24.49,40.82,24.33,83271,21.50,83307,21.26
905302,7/4/25,20:13:19,373.35,53,996.79,32.19,18.70,33.22,8,36.9898445,-122.0525193,1.14,204.2,0.183,9999,40.18,24.49,40.82,24.33,83271,21.74,83307,21.43
905302,7/4/25,20:13:20,373.87,53,996.96,32.17,18.70,33.20,8,36.9898447,-122.0525188,1.14,202.7,0.164,9999,40.18,24.50,40.85,24.31,83271,21.67,83307,21.35
905302,7/4/25,20:13:20,374.39,53,997.04,32.17,18.70,33.19,8,36.9898447,-122.0525188,1.14,202.7,0.164,9999,40.23,24.47,40.90,24.28,83271,21.80,83307,21.53
905302,7/4/25,20:13:21,374.90,53,997.10,32.15,18.70,33.19,8,36.9898452,-122.0525198,1.14,201.2,0.139,9999,40.26,24.47,40.93,24.30,83271,22.05,83307,21.61
905302,7/4/25,20:13:21,375.42,53,997.19,32.14,18.70,33.16,8,36.9898452,-122.0525198,1.14,201.2,0.139,9999,40.21,24.52,40.87,24.31,83271,22.05,83307,21.61
905302,7/4/25,20:13:22,375.93,53,997.24,32.13,18.80,33.15,8,36.9898440,-122.0525188,1.14,200.1,0.150,9999,40.18,24.52,40.82,24.33,83271,22.23,83307,21.76
905302,7/4/25,20:13:22,376.45,53,997.32,32.12,18.80,33.13,8,36.9898440,-122.0525188,1.14,200.1,0.150,9999,40.18,24.52,40.82,24.33,83271,22.43,83307,21.87
905302,7/4/25,20:13:23,376.97,53,997.40,32.11,18.80,33.12,8,36.9898447,-122.0525195,1.14,198.4,0.067,9999,40.13,24.54,40.80,24.37,83271,22.38,83307,21.90
905302,7/4/25,20:13:23,377.48,53,997.44,32.10,18.80,33.11,8,36.9898447,-122.0525195,1.14,198.4,0.067,9999,40.03,24.58,40.70,24.38,83271,22.37,83307,21.94
905302,7/4/25,20:13:24,378.00,53,997.65,32.08,18.80,33.10,8,36.9898458,-122.0525210,1.14,196.5,0.105,9999,40.01,24.56,40.65,24.37,83271,22.23,83307,21.87
905302,7/4/25,20:13:24,378.51,53,997.64,32.08,18.90,33.11,8,36.9898458,-122.0525210,1.14,196.5,0.105,9999,39.93,24.53,40.60,24.34,83271,22.20,83307,21.79
905302,7/4/25,20:13:25,379.03,53,997.77,32.06,18.90,33.10,8,36.9898463,-122.0525230,1.14,194.8,0.121,9999,40.01,24.50,40.65,24.33,83271,22.16,83307,21.91
905302,7/4/25,20:13:25,379.55,53,997.82,32.06,18.80,33.07,8,36.9898463,-122.0525230,1.14,194.8,0.121,9999,40.01,24.50,40.65,24.33,83271,21.96,83307,21.66
905302,7/4/25,20:13:26,380.06,53,998.00,32.04,18.90,33.06,8,36.9898467,-122.0525225,1.14,193.5,0.019,9999,40.03,24.47,40.65,24.30,83271,21.77,83307,21.43
905302,7/4/25,20:13:26,380.58,53,998.10,32.03,18.90,33.05,8,36.9898467,-122.0525225,1.14,193.5,0.019,9999,40.06,24.45,40.70,24.28,83271,21.63,83307,21.26
905302,7/4/25,20:13:27,381.09,53,998.17,32.02,18.90,33.04,8,36.9898470,-122.0525215,1.14,192.0,0.104,9999,40.11,24.43,40.68,24.26,83271,21.61,83307,21.11
905302,7/4/25,20:13:27,381.61,53,998.25,32.00,18.90,33.03,8,36.9898470,-122.0525215,1.14,192.0,0.104,9999,40.11,24.43,40.68,24.26,83271,21.59,83307,21.03
905302,7/4/25,20:13:28,382.13,53,998.34,31.99,18.90,33.00,8,36.9898482,-122.0525207,1.14,190.3,0.153,9999,40.11,24.43,40.65,24.26,83271,21.59,83307,21.03
905302,7/4/25,20:13:28,382.64,53,998.41,31.99,18.80,32.99,8,36.9898482,-122.0525207,1.14,190.3,0.153,9999,40.13,24.42,40.68,24.26,83271,21.58,83307,20.97
905302,7/4/25,20:13:29,383.16,53,998.49,31.99,18.80,32.99,8,36.9898478,-122.0525198,1.14,189.0,0.126,9999,40.13,24.42,40.68,24.26,83271,21.46,83307,20.92
905302,7/4/25,20:13:29,383.67,53,998.40,31.95,18.80,32.96,8,36.9898478,-122.0525198,1.14,189.0,0.126,9999,40.13,24.42,40.68,24.23,83271,21.33,83307,20.87
905302,7/4/25,20:13:30,384.19,53,998.61,31.94,18.80,32.96,8,36.9898483,-122.0525212,1.14,187.6,0.067,9999,40.18,24.41,40.78,24.20,83271,21.26,83307,20.79
905302,7/4/25,20:13:30,384.71,53,998.64,31.93,18.80,32.96,8,36.9898483,-122.0525212,1.14,187.6,0.067,9999,40.18,24.38,40.87,24.17,83271,21.26,83307,20.79
905302,7/4/25,20:13:31,385.22,53,998.75,31.92,18.80,32.94,8,36.9898493,-122.0525227,1.14,185.8,0.094,9999,40.31,24.32,41.00,24.13,83271,21.20,83307,20.86
905302,7/4/25,20:13:31,385.74,53,998.83,31.91,18.90,32.91,8,36.9898493,-122.0525227,1.14,185.8,0.094,9999,40.41,24.30,41.05,24.12,83271,21.15,83307,20.87
905302,7/4/25,20:13:32,386.25,53,998.89,31.89,18.90,32.91,8,36.9898485,-122.0525218,1.14,184.5,0.125,9999,40.41,24.30,41.05,24.12,83271,21.22,83307,20.85
905302,7/4/25,20:13:32,386.77,53,999.07,31.88,18.90,32.90,8,36.9898485,-122.0525218,1.14,184.5,0.125,9999,40.46,24.26,41.12,24.09,83271,21.13,83307,20.77
905302,7/4/25,20:13:33,387.29,53,999.07,31.87,18.90,32.88,8,36.9898493,-122.0525223,1.14,182.9,0.111,9999,40.51,24.27,41.20,24.06,83271,21.19,83307,20.88
905302,7/4/25,20:13:33,387.80,53,999.16,31.85,18.90,32.85,8,36.9898493,-122.0525223,1.14,182.9,0.111,9999,40.51,24.26,41.17,24.05,83271,21.34,83307,21.00
905302,7/4/25,20:13:34,388.32,53,999.29,31.84,18.90,32.84,8,36.9898510,-122.0525223,1.14,181.3,0.121,9999,40.51,24.26,41.23,24.04,83271,21.46,83307,21.09
905302,7/4/25,20:13:35,388.83,53,999.41,31.82,18.90,32.84,8,36.9898520,-122.0525232,1.14,179.7,0.018,9999,40.51,24.27,41.30,24.04,83271,21.44,83307,21.07
905302,7/4/25,20:13:35,389.35,53,999.45,31.81,19.00,32.82,8,36.9898520,-122.0525232,1.14,179.7,0.018,9999,40.51,24.27,41.30,24.04,83271,21.56,83307,21.16
905302,7/4/25,20:13:36,389.87,53,999.53,31.79,19.00,32.81,8,36.9898532,-122.0525242,1.14,178.7,0.150,9999,40.51,24.30,41.32,24.05,83271,21.71,83307,21.37
905302,7/4/25,20:13:36,390.38,53,999.56,31.78,19.00,32.80,8,36.9898532,-122.0525242,1.14,178.7,0.150,9999,40.53,24.34,41.37,24.05,83271,21.95,83307,21.58
905302,7/4/25,20:13:37,390.90,53,999.61,31.77,19.10,32.77,8,36.9898558,-122.0525247,1.14,177.6,0.207,9999,40.46,24.37,41.32,24.08,83271,22.12,83307,21.58
905302,7/4/25,20:13:37,391.41,53,999.70,31.75,19.10,32.77,8,36.9898558,-122.0525247,1.14,177.6,0.207,9999,40.41,24.38,41.25,24.09,83271,22.12,83307,21.75
905302,7/4/25,20:13:38,391.93,53,999.80,31.74,19.10,32.76,8,36.9898565,-122.0525257,1.14,176.6,0.111,9999,40.38,24.39,41.23,24.12,83271,22.24,83307,21.81
905302,7/4/25,20:13:38,392.45,53,999.83,31.73,19.20,32.74,8,36.9898565,-122.0525257,1.14,176.6,0.111,9999,40.38,24.39,41.23,24.12,83271,22.14,83307,21.62
905302,7/4/25,20:13:39,392.96,53,999.84,31.71,19.20,32.74,8,36.9898560,-122.0525252,1.14,176.3,0.012,9999,40.31,24.39,41.17,24.10,83271,22.04,83307,21.54
905302,7/4/25,20:13:39,393.48,53,999.89,31.70,19.20,32.73,8,36.9898560,-122.0525252,1.14,176.3,0.012,9999,40.35,24.42,41.20,24.13,83271,22.23,83307,21.71
905302,7/4/25,20:13:40,393.99,53,999.89,31.69,19.30,32.70,8,36.9898568,-122.0525253,1.14,176.0,0.095,9999,40.38,24.45,41.20,24.17,83271,22.62,83307,21.94
905302,7/4/25,20:13:40,394.51,53,1000.01,31.67,19.30,32.68,8,36.9898568,-122.0525253,1.14,176.0,0.095,9999,40.31,24.50,41.20,24.21,83271,22.73,83307,22.11
905302,7/4/25,20:13:41,395.03,53,1000.00,31.67,19.30,32.69,8,36.9898590,-122.0525280,1.14,175.0,0.158,9999,40.26,24.54,41.10,24.26,83271,22.96,83307,22.26
905302,7/4/25,20:13:41,395.54,53,1000.02,31.66,19.40,32.67,8,36.9898590,-122.0525280,1.14,175.0,0.158,9999,40.26,24.54,41.10,24.26,83271,23.07,83307,22.36
905302,7/4/25,20:13:42,396.06,53,1000.04,31.64,19.40,32.66,8,36.9898588,-122.0525270,1.14,174.9,0.034,9999,40.11,24.58,40.98,24.31,83271,23.09,83307,22.43
905302,7/4/25,20:13:42,396.57,53,1000.13,31.62,19.40,32.66,8,36.9898588,-122.0525270,1.14,174.9,0.034,9999,40.06,24.62,40.87,24.35,83271,23.06,83307,22.41
905302,7/4/25,20:13:43,397.09,53,1000.13,31.62,19.50,32.64,8,36.9898590,-122.0525257,1.14,174.6,0.019,9999,39.96,24.65,40.80,24.37,83271,22.98,83307,22.41
905302,7/4/25,20:13:43,397.61,53,1000.19,31.60,19.50,32.64,8,36.9898590,-122.0525257,1.14,174.6,0.019,9999,39.84,24.67,40.70,24.38,83271,22.98,83307,22.34
905302,7/4/25,20:13:44,398.12,53,1000.11,31.60,19.50,32.61,8,36.9898578,-122.0525242,1.14,174.6,0.060,9999,39.76,24.71,40.65,24.41,83271,23.02,83307,22.31
905302,7/4/25,20:13:44,398.64,53,1000.18,31.58,19.50,32.62,8,36.9898578,-122.0525242,1.14,174.6,0.060,9999,39.76,24.71,40.65,24.41,83271,23.24,83307,22.48
905302,7/4/25,20:13:45,399.15,53,1000.14,31.57,19.50,32.60,8,36.9898587,-122.0525245,1.14,174.7,0.112,9999,39.71,24.72,40.57,24.45,83271,23.29,83307,22.48
905302,7/4/25,20:13:45,399.67,53,1000.22,31.57,19.50,32.59,8,36.9898587,-122.0525245,1.14,174.7,0.112,9999,39.68,24.73,40.52,24.48,83271,23.37,83307,22.58
905302,7/4/25,20:13:46,400.19,53,1000.25,31.56,19.60,32.56,8,36.9898557,-122.0525210,1.14,176.0,0.202,9999,39.58,24.76,40.40,24.52,83271,23.28,83307,22.45
905302,7/4/25,20:13:46,400.70,53,1000.25,31.54,19.60,32.58,8,36.9898557,-122.0525210,1.14,176.0,0.202,9999,39.61,24.79,40.40,24.52,83271,23.16,83307,22.47
905302,7/4/25,20:13:47,401.22,53,1000.30,31.54,19.60,32.55,8,36.9898552,-122.0525202,1.14,176.4,0.136,9999,39.56,24.79,40.33,24.55,83271,23.29,83307,22.62
905302,7/4/25,20:13:47,401.73,53,1000.30,31.53,19.60,32.54,8,36.9898552,-122.0525202,1.14,176.4,0.136,9999,39.56,24.79,40.33,24.55,83271,23.18,83307,22.46
905302,7/4/25,20:13:48,402.25,53,1000.35,31.52,19.60,32.54,8,36.9898582,-122.0525243,1.14,175.7,0.225,9999,39.56,24.80,40.30,24.57,83271,23.15,83307,22.52
905302,7/4/25,20:13:48,402.77,53,1000.61,31.50,19.60,32.52,8,36.9898582,-122.0525243,1.14,175.7,0.225,9999,39.58,24.82,40.33,24.59,83271,23.23,83307,22.62
905302,7/4/25,20:13:49,403.28,53,1000.46,31.50,19.60,32.53,8,36.9898600,-122.0525253,1.14,175.6,0.132,9999,39.61,24.84,40.33,24.60,83271,23.37,83307,22.62
905302,7/4/25,20:13:49,403.80,53,1000.50,31.48,19.60,32.51,8,36.9898600,-122.0525253,1.14,175.6,0.132,9999,39.61,24.86,40.33,24.64,83271,23.37,83307,22.73
905302,7/4/25,20:13:50,404.31,53,1000.46,31.47,19.70,32.50,8,36.9898607,-122.0525248,1.14,175.6,0.190,9999,39.63,24.89,40.30,24.68,83271,23.49,83307,22.90
905302,7/4/25,20:13:50,404.83,53,1000.67,31.46,19.70,32.50,8,36.9898607,-122.0525248,1.14,175.6,0.190,9999,39.63,24.89,40.30,24.68,83271,23.44,83307,22.80
905302,7/4/25,20:13:51,405.35,53,1000.55,31.45,19.70,32.47,8,36.9898608,-122.0525242,1.14,175.5,0.204,9999,39.61,24.91,40.25,24.70,83271,23.43,83307,22.81
905302,7/4/25,20:13:52,405.86,53,1000.48,31.44,19.70,32.47,8,36.9898602,-122.0525230,1.14,175.5,0.212,9999,39.56,24.93,40.20,24.73,83271,23.51,83307,22.86
905302,7/4/25,20:13:52,406.38,53,1000.60,31.44,19.70,32.46,8,36.9898602,-122.0525230,1.14,175.5,0.212,9999,39.56,24.95,40.15,24.75,83271,23.70,83307,23.08
905302,7/4/25,20:13:53,406.89,53,1000.49,31.42,19.70,32.47,8,36.9898600,-122.0525222,1.14,175.7,0.110,9999,39.54,24.99,40.08,24.79,83271,23.92,83307,23.33
905302,7/4/25,20:13:53,407.41,53,1000.36,31.41,19.80,32.46,8,36.9898600,-122.0525222,1.14,175.7,0.110,9999,39.46,25.06,40.01,24.86,83271,24.16,83307,23.50
905302,7/4/25,20:13:54,407.93,53,1000.39,31.40,19.80,32.46,8,36.9898605,-122.0525222,1.14,175.8,0.074,9999,39.46,25.06,40.01,24.86,83271,24.32,83307,23.61
905302,7/4/25,20:13:54,408.44,53,1000.38,31.39,19.80,32.45,8,36.9898605,-122.0525222,1.14,175.8,0.074,9999,39.34,25.11,39.83,24.93,83271,24.53,83307,23.73
905302,7/4/25,20:13:55,408.96,53,1000.45,31.39,19.80,32.44,8,36.9898613,-122.0525232,1.14,175.8,0.056,9999,39.19,25.19,39.76,25.01,83271,24.63,83307,23.78
905302,7/4/25,20:13:55,409.47,53,1000.41,31.38,19.90,32.42,8,36.9898613,-122.0525232,1.14,175.8,0.056,9999,39.02,25.25,39.58,25.07,83271,24.74,83307,23.78
905302,7/4/25,20:13:56,409.99,53,1000.36,31.37,19.90,32.42,8,36.9898627,-122.0525245,1.14,175.3,0.066,9999,38.86,25.32,39.43,25.14,83271,24.74,83307,23.91
905302,7/4/25,20:13:56,410.51,53,1000.37,31.36,20.00,32.41,8,36.9898627,-122.0525245,1.14,175.3,0.066,9999,38.79,25.40,39.35,25.22,83271,24.93,83307,24.04
905302,7/4/25,20:13:57,411.02,53,1000.42,31.35,20.00,32.41,8,36.9898632,-122.0525260,1.14,175.4,0.030,9999,38.79,25.40,39.35,25.22,83271,24.99,83307,24.10
905302,7/4/25,20:13:57,411.54,53,1000.37,31.35,20.00,32.40,8,36.9898632,-122.0525260,1.14,175.4,0.030,9999,38.67,25.47,39.23,25.29,83271,25.03,83307,24.16
905302,7/4/25,20:13:58,412.05,53,1000.36,31.34,20.10,32.40,8,36.9898642,-122.0525265,1.14,175.3,0.049,9999,38.42,25.52,38.96,25.36,83271,24.72,83307,24.11
905302,7/4/25,20:13:58,412.57,53,1000.40,31.34,20.10,32.39,8,36.9898642,-122.0525265,1.14,175.3,0.049,9999,38.14,25.56,38.63,25.41,83271,24.79,83307,24.02
905302,7/4/25,20:13:59,413.09,53,1000.38,31.33,20.10,32.38,8,36.9898663,-122.0525277,1.14,175.0,0.030,9999,38.07,25.63,38.63,25.45,83271,24.82,83307,24.03
905302,7/4/25,20:13:59,413.60,53,1000.43,31.32,20.20,32.40,8,36.9898663,-122.0525277,1.14,175.0,0.030,9999,38.10,25.68,38.71,25.51,83271,24.97,83307,24.10
905302,7/4/25,20:14:0,414.12,53,1000.48,31.32,20.20,32.38,8,36.9898675,-122.0525287,1.14,174.8,0.022,9999,38.10,25.68,38.71,25.51,83271,24.90,83307,24.04
905302,7/4/25,20:14:0,414.63,53,1000.36,31.30,20.20,32.36,8,36.9898675,-122.0525287,1.14,174.8,0.022,9999,37.85,25.74,38.41,25.56,83271,24.83,83307,23.90
905302,7/4/25,20:14:1,415.15,53,1000.38,31.30,20.20,32.36,8,36.9898685,-122.0525287,1.14,174.6,0.113,9999,37.60,25.78,38.16,25.58,83271,24.75,83307,23.90
905302,7/4/25,20:14:1,415.67,53,1000.35,31.30,20.20,32.36,8,36.9898685,-122.0525287,1.14,174.6,0.113,9999,37.53,25.82,38.16,25.63,83271,24.75,83307,23.98
905302,7/4/25,20:14:2,416.18,53,1000.37,31.30,20.30,32.36,8,36.9898695,-122.0525293,1.14,174.3,0.040,9999,37.72,25.89,38.44,25.69,83271,25.06,83307,24.17
905302,7/4/25,20:14:2,416.70,53,1000.44,31.29,20.30,32.36,8,36.9898695,-122.0525293,1.14,174.3,0.040,9999,37.72,25.94,38.33,25.76,83271,25.32,83307,24.37
905302,7/4/25,20:14:3,417.21,53,1000.37,31.29,20.30,32.36,8,36.9898715,-122.0525303,1.14,173.3,0.097,9999,37.72,25.94,38.33,25.76,83271,25.28,83307,24.33
905302,7/4/25,20:14:3,417.73,53,1000.38,31.29,20.30,32.35,8,36.9898715,-122.0525303,1.14,173.3,0.097,9999,37.43,26.01,38.06,25.80,83271,25.28,83307,24.33
905302,7/4/25,20:14:4,418.25,53,1000.41,31.28,20.40,32.33,8,36.9898715,-122.0525307,1.14,173.6,0.035,9999,37.20,26.08,37.86,25.85,83271,25.34,83307,24.40
905302,7/4/25,20:14:4,418.76,53,1000.36,31.27,20.30,32.33,8,36.9898715,-122.0525307,1.14,173.6,0.035,9999,37.20,26.13,37.89,25.91,83271,25.48,83307,24.51
905302,7/4/25,20:14:5,419.28,53,1000.33,31.27,20.40,32.33,8,36.9898707,-122.0525308,1.14,174.2,0.022,9999,37.28,26.20,37.94,25.98,83271,25.61,83307,24.62
905302,7/4/25,20:14:5,419.80,53,1000.36,31.27,20.50,32.34,8,36.9898707,-122.0525308,1.14,174.2,0.022,9999,36.94,26.27,37.56,26.03,83271,25.48,83307,24.48
905302,7/4/25,20:14:6,420.31,53,1000.39,31.26,20.50,32.32,8,36.9898725,-122.0525315,1.14,173.8,0.043,9999,36.94,26.27,37.56,26.03,83271,25.28,83307,24.32
905302,7/4/25,20:14:6,420.83,53,1000.38,31.26,20.40,32.32,8,36.9898725,-122.0525315,1.14,173.8,0.043,9999,36.59,26.32,37.19,26.06,83271,25.24,83307,24.18
905302,7/4/25,20:14:7,421.34,53,1000.38,31.25,20.40,32.32,8,36.9898732,-122.0525317,1.14,173.7,0.033,9999,36.26,26.36,37.00,26.09,83271,25.11,83307,24.10
905302,7/4/25,20:14:8,421.86,53,1000.42,31.25,20.40,32.33,8,36.9898738,-122.0525317,1.14,173.3,0.083,9999,36.14,26.37,36.90,26.06,83271,25.11,83307,24.10
905302,7/4/25,20:14:8,422.38,53,1000.40,31.24,20.50,32.31,8,36.9898738,-122.0525317,1.14,173.3,0.083,9999,36.00,26.40,36.85,26.07,83271,24.99,83307,24.05
905302,7/4/25,20:14:9,422.89,53,1000.36,31.24,20.50,32.32,8,36.9898742,-122.0525310,1.14,173.0,0.030,9999,35.92,26.41,36.80,26.07,83271,24.92,83307,24.05
